   3.7600000e-01   1.2500000e-01   4.8200000e-01
   3.7600000e-01   1.2500000e-01   4.8200000e-01
   3.7600000e-01   1.2500000e-01   4.8200000e-01
   3.7600000e-01   1.2500000e-01   4.8200000e-01
   3.7100000e-01   3.7000000e-01   2.5300000e-01
   3.7100000e-01   3.7000000e-01   2.5300000e-01
   3.7100000e-01   3.7000000e-01   2.5300000e-01
   3.7100000e-01   3.7000000e-01   2.5300000e-01
   2.5000000e-01   7.4800000e-01   0.0000000e+00
   2.5000000e-01   7.4800000e-01   0.0000000e+00
   2.5000000e-01   7.4800000e-01   0.0000000e+00
   2.5000000e-01   7.4800000e-01   0.0000000e+00
   0.0000000e+00   6.1400000e-01   3.7300000e-01
   0.0000000e+00   6.1400000e-01   3.7300000e-01
   0.0000000e+00   6.1400000e-01   3.7300000e-01
   0.0000000e+00   6.1400000e-01   3.7300000e-01
   8.6600000e-01   1.2200000e-01   0.0000000e+00
   8.6600000e-01   1.2200000e-01   0.0000000e+00
   8.6600000e-01   1.2200000e-01   0.0000000e+00
   8.6600000e-01   1.2200000e-01   0.0000000e+00
   2.5100000e-01   1.2400000e-01   6.1400000e-01
   2.5100000e-01   1.2400000e-01   6.1400000e-01
   2.5100000e-01   1.2400000e-01   6.1400000e-01
   2.5100000e-01   1.2400000e-01   6.1400000e-01
   0.0000000e+00   0.0000000e+00   1.0070000e+00
   0.0000000e+00   0.0000000e+00   1.0070000e+00
   0.0000000e+00   0.0000000e+00   1.0070000e+00
   0.0000000e+00   0.0000000e+00   1.0070000e+00
   7.3400000e-01   1.2100000e-01   1.2100000e-01
   7.3400000e-01   1.2100000e-01   1.2100000e-01
   7.3400000e-01   1.2100000e-01   1.2100000e-01
   7.3400000e-01   1.2100000e-01   1.2100000e-01
   4.8500000e-01   3.6000000e-01   1.3000000e-01
   4.8500000e-01   3.6000000e-01   1.3000000e-01
   4.8500000e-01   3.6000000e-01   1.3000000e-01
   4.8500000e-01   3.6000000e-01   1.3000000e-01
   0.0000000e+00   1.2100000e-01   8.7300000e-01
   0.0000000e+00   1.2100000e-01   8.7300000e-01
   0.0000000e+00   1.2100000e-01   8.7300000e-01
   0.0000000e+00   1.2100000e-01   8.7300000e-01
   4.8900000e-01   1.2400000e-01   3.9300000e-01
   4.8900000e-01   1.2400000e-01   3.9300000e-01
   4.8900000e-01   1.2400000e-01   3.9300000e-01
   4.8900000e-01   1.2400000e-01   3.9300000e-01
   4.8500000e-01   4.8500000e-01   0.0000000e+00
   4.8500000e-01   4.8500000e-01   0.0000000e+00
   4.8500000e-01   4.8500000e-01   0.0000000e+00
   4.8500000e-01   4.8500000e-01   0.0000000e+00
   4.9600000e-01   0.0000000e+00   4.9500000e-01
   4.9600000e-01   0.0000000e+00   4.9500000e-01
   4.9600000e-01   0.0000000e+00   4.9500000e-01
   4.9600000e-01   0.0000000e+00   4.9500000e-01
   1.2300000e-01   0.0000000e+00   8.8100000e-01
   1.2300000e-01   0.0000000e+00   8.8100000e-01
   1.2300000e-01   0.0000000e+00   8.8100000e-01
   1.2300000e-01   0.0000000e+00   8.8100000e-01
   2.4100000e-01   0.0000000e+00   7.5200000e-01
   2.4100000e-01   0.0000000e+00   7.5200000e-01
   2.4100000e-01   0.0000000e+00   7.5200000e-01
   2.4100000e-01   0.0000000e+00   7.5200000e-01
   3.8100000e-01   0.0000000e+00   6.2300000e-01
   3.8100000e-01   0.0000000e+00   6.2300000e-01
   3.8100000e-01   0.0000000e+00   6.2300000e-01
   3.8100000e-01   0.0000000e+00   6.2300000e-01
   6.1700000e-01   0.0000000e+00   3.7700000e-01
   6.1700000e-01   0.0000000e+00   3.7700000e-01
   6.1700000e-01   0.0000000e+00   3.7700000e-01
   6.1700000e-01   0.0000000e+00   3.7700000e-01
   2.5200000e-01   2.5200000e-01   5.1200000e-01
   2.5200000e-01   2.5200000e-01   5.1200000e-01
   2.5200000e-01   2.5200000e-01   5.1200000e-01
   2.5200000e-01   2.5200000e-01   5.1200000e-01
   0.0000000e+00   8.6400000e-01   1.2800000e-01
   0.0000000e+00   8.6400000e-01   1.2800000e-01
   0.0000000e+00   8.6400000e-01   1.2800000e-01
   0.0000000e+00   8.6400000e-01   1.2800000e-01
   4.8300000e-01   2.4700000e-01   2.5500000e-01
   4.8300000e-01   2.4700000e-01   2.5500000e-01
   4.8300000e-01   2.4700000e-01   2.5500000e-01
   4.8300000e-01   2.4700000e-01   2.5500000e-01
   1.2200000e-01   6.1100000e-01   2.5400000e-01
   1.2200000e-01   6.1100000e-01   2.5400000e-01
   1.2200000e-01   6.1100000e-01   2.5400000e-01
   1.2200000e-01   6.1100000e-01   2.5400000e-01
   3.8200000e-01   2.5400000e-01   3.7100000e-01
   3.8200000e-01   2.5400000e-01   3.7100000e-01
   3.8200000e-01   2.5400000e-01   3.7100000e-01
   3.8200000e-01   2.5400000e-01   3.7100000e-01
   0.0000000e+00   2.4500000e-01   7.5100000e-01
   0.0000000e+00   2.4500000e-01   7.5100000e-01
   0.0000000e+00   2.4500000e-01   7.5100000e-01
   0.0000000e+00   2.4500000e-01   7.5100000e-01
   2.5300000e-01   6.0900000e-01   1.2600000e-01
   2.5300000e-01   6.0900000e-01   1.2600000e-01
   2.5300000e-01   6.0900000e-01   1.2600000e-01
   2.5300000e-01   6.0900000e-01   1.2600000e-01
   0.0000000e+00   1.0070000e+00   0.0000000e+00
   0.0000000e+00   1.0070000e+00   0.0000000e+00
   0.0000000e+00   1.0070000e+00   0.0000000e+00
   0.0000000e+00   1.0070000e+00   0.0000000e+00
   6.1300000e-01   1.2300000e-01   2.6500000e-01
   6.1300000e-01   1.2300000e-01   2.6500000e-01
   6.1300000e-01   1.2300000e-01   2.6500000e-01
   6.1300000e-01   1.2300000e-01   2.6500000e-01
   7.3900000e-01   0.0000000e+00   2.6400000e-01
   7.3900000e-01   0.0000000e+00   2.6400000e-01
   7.3900000e-01   0.0000000e+00   2.6400000e-01
   7.3900000e-01   0.0000000e+00   2.6400000e-01
   6.1600000e-01   3.7400000e-01   0.0000000e+00
   6.1600000e-01   3.7400000e-01   0.0000000e+00
   6.1600000e-01   3.7400000e-01   0.0000000e+00
   6.1600000e-01   3.7400000e-01   0.0000000e+00
   8.6700000e-01   0.0000000e+00   1.1900000e-01
   8.6700000e-01   0.0000000e+00   1.1900000e-01
   8.6700000e-01   0.0000000e+00   1.1900000e-01
   8.6700000e-01   0.0000000e+00   1.1900000e-01
   9.9200000e-01   0.0000000e+00   0.0000000e+00
   9.9200000e-01   0.0000000e+00   0.0000000e+00
   9.9200000e-01   0.0000000e+00   0.0000000e+00
   9.9200000e-01   0.0000000e+00   0.0000000e+00
   1.2000000e-01   3.7600000e-01   5.0800000e-01
   1.2000000e-01   3.7600000e-01   5.0800000e-01
   1.2000000e-01   3.7600000e-01   5.0800000e-01
   1.2000000e-01   3.7600000e-01   5.0800000e-01
   3.6000000e-01   6.2300000e-01   0.0000000e+00
   3.6000000e-01   6.2300000e-01   0.0000000e+00
   3.6000000e-01   6.2300000e-01   0.0000000e+00
   3.6000000e-01   6.2300000e-01   0.0000000e+00
   1.1700000e-01   1.2500000e-01   6.1600000e-01
   1.1700000e-01   1.2500000e-01   6.1600000e-01
   1.1700000e-01   1.2500000e-01   6.1600000e-01
   1.1700000e-01   1.2500000e-01   6.1600000e-01
   0.0000000e+00   3.6900000e-01   6.3900000e-01
   0.0000000e+00   3.6900000e-01   6.3900000e-01
   0.0000000e+00   3.6900000e-01   6.3900000e-01
   0.0000000e+00   3.6900000e-01   6.3900000e-01
   0.0000000e+00   7.4700000e-01   2.5600000e-01
   0.0000000e+00   7.4700000e-01   2.5600000e-01
   0.0000000e+00   7.4700000e-01   2.5600000e-01
   0.0000000e+00   7.4700000e-01   2.5600000e-01
   1.2500000e-01   8.6400000e-01   0.0000000e+00
   1.2500000e-01   8.6400000e-01   0.0000000e+00
   1.2500000e-01   8.6400000e-01   0.0000000e+00
   1.2500000e-01   8.6400000e-01   0.0000000e+00
   2.3000000e-01   3.6400000e-01   3.7400000e-01
   2.3000000e-01   3.6400000e-01   3.7400000e-01
   2.3000000e-01   3.6400000e-01   3.7400000e-01
   2.3000000e-01   3.6400000e-01   3.7400000e-01
   6.0800000e-01   2.5300000e-01   1.2700000e-01
   6.0800000e-01   2.5300000e-01   1.2700000e-01
   6.0800000e-01   2.5300000e-01   1.2700000e-01
   6.0800000e-01   2.5300000e-01   1.2700000e-01
   0.0000000e+00   4.9900000e-01   4.8900000e-01
   0.0000000e+00   4.9900000e-01   4.8900000e-01
   0.0000000e+00   4.9900000e-01   4.8900000e-01
   0.0000000e+00   4.9900000e-01   4.8900000e-01
   3.7000000e-01   4.9300000e-01   1.2400000e-01
   3.7000000e-01   4.9300000e-01   1.2400000e-01
   3.7000000e-01   4.9300000e-01   1.2400000e-01
   3.7000000e-01   4.9300000e-01   1.2400000e-01
   1.2100000e-01   4.9500000e-01   3.8200000e-01
   1.2100000e-01   4.9500000e-01   3.8200000e-01
   1.2100000e-01   4.9500000e-01   3.8200000e-01
   1.2100000e-01   4.9500000e-01   3.8200000e-01
   1.2100000e-01   1.2400000e-01   7.7800000e-01
   1.2100000e-01   1.2400000e-01   7.7800000e-01
   1.2100000e-01   1.2400000e-01   7.7800000e-01
   1.2100000e-01   1.2400000e-01   7.7800000e-01
   1.2000000e-01   7.4900000e-01   1.2800000e-01
   1.2000000e-01   7.4900000e-01   1.2800000e-01
   1.2000000e-01   7.4900000e-01   1.2800000e-01
   1.2000000e-01   7.4900000e-01   1.2800000e-01
   2.4700000e-01   4.8400000e-01   2.6300000e-01
   2.4700000e-01   4.8400000e-01   2.6300000e-01
   2.4700000e-01   4.8400000e-01   2.6300000e-01
   2.4700000e-01   4.8400000e-01   2.6300000e-01
   7.4000000e-01   2.5400000e-01   0.0000000e+00
   7.4000000e-01   2.5400000e-01   0.0000000e+00
   7.4000000e-01   2.5400000e-01   0.0000000e+00
   7.4000000e-01   2.5400000e-01   0.0000000e+00
